listing_id,low,medium,high
7142618,0.404,0.52,0.076
7210040,0.755,0.187,0.058
7174566,0.761,0.216,0.023
7191391,0.357,0.373,0.27
7171695,0.812,0.153,0.035
7225206,0.722,0.255,0.023
7200075,0.943,0.054,0.003
7145074,0.153,0.546,0.301
7193645,0.513,0.338,0.149
7147703,0.696,0.25,0.054
7182218,0.924,0.065,0.011
7132136,0.702,0.265,0.033
7130670,0.556,0.368,0.076
7151855,0.598,0.323,0.079
7158358,0.613,0.328,0.059
7221001,0.617333,0.305,0.077667
7100305,0.492,0.404,0.104
7096581,0.388,0.546,0.066
7177904,0.453,0.397,0.15
7122823,0.762,0.143,0.095
7183502,0.81,0.159,0.031
7170627,0.42375,0.51125,0.065
7154826,0.503,0.353,0.144
7155276,0.91,0.083,0.007
7126641,0.667,0.283,0.05
7096119,0.41145,0.49855,0.09
7197172,0.697,0.25,0.053
7189973,0.6295,0.2975,0.073
7123008,0.7,0.178,0.122
7146900,0.7,0.258,0.042
7109717,0.606,0.34,0.054
7129938,0.64,0.276,0.084
7107178,0.975,0.022,0.003
7176321,0.884,0.101,0.015
7128745,0.5364,0.3596,0.104
7142399,0.454,0.431,0.115
7173397,0.834,0.149,0.017
7097445,0.396333,0.374167,0.2295
7176649,0.82,0.149,0.031
7217973,0.755,0.226,0.019
7181413,0.543667,0.381333,0.075
7131045,0.818,0.159,0.023
7227600,0.42,0.359333,0.220667
7152410,0.81,0.137,0.053
7164630,0.44,0.407,0.153
7233385,0.564333,0.337667,0.098
7132168,0.488,0.373,0.139
7177475,0.827,0.162,0.011
7195866,0.948,0.05,0.002
7128348,0.988,0.011,0.001
7127663,0.574733,0.376267,0.049
7224803,0.66275,0.27125,0.066
7175018,0.566,0.332,0.102
7172595,0.5195,0.3095,0.171
7109912,0.557,0.351,0.092
7138297,0.717,0.22,0.063
7092476,0.671,0.24,0.089
7089303,0.795,0.174667,0.030333
7125155,0.325,0.58,0.095
7220062,0.722,0.264,0.014
7106449,0.356,0.465,0.179
7128225,0.472,0.420333,0.107667
7195250,0.825,0.165,0.01
7218672,0.38,0.526,0.094
7196783,0.685,0.263,0.052
7103890,0.768,0.216,0.016
7091781,0.675,0.255,0.07
7188560,0.823,0.158,0.019
7158435,0.61,0.279,0.111
7174040,0.674,0.223,0.103
7090560,0.40345,0.51255,0.084
7176342,0.967,0.03,0.003
7192962,0.733,0.211,0.056
7097397,0.835,0.154,0.011
7145866,0.921,0.073,0.006
7206754,0.82,0.152,0.028
7138175,0.546667,0.423333,0.03
7149594,0.983,0.016,0.001
7156633,0.603,0.267,0.13
7105345,0.323,0.55,0.127
7213632,0.6234,0.304,0.0726
7183113,0.704,0.259,0.037
7140000,0.428,0.334,0.238
7195613,0.532,0.43,0.038
7105115,0.383,0.546,0.071
7160348,0.884,0.115,0.001
7160614,0.856,0.117,0.027
7092337,0.717,0.206,0.077
7147336,0.777,0.199,0.024
7218407,0.632,0.333,0.035
7153777,0.679,0.193,0.128
7105692,0.564,0.37,0.066
7182783,0.6625,0.2925,0.045
7175581,0.7895,0.1695,0.041
7178664,0.7284,0.2166,0.055
7211063,0.284,0.285,0.431
7224728,0.68,0.25,0.07
7102627,0.503,0.448,0.049
7092248,0.309,0.307,0.384
7207732,0.513667,0.345333,0.141
7103067,0.771,0.202,0.027
7229817,0.645,0.295,0.06
7172753,0.316,0.384,0.3
7125988,0.891,0.098,0.011
7091708,0.885,0.109,0.006
7120982,0.222,0.555,0.223
7200404,0.529,0.373,0.098
7134396,0.837,0.141,0.022
7094055,0.564,0.29,0.146
7220352,0.667067,0.263933,0.069
7097260,0.95,0.04,0.01
7132074,0.7535,0.226,0.0205
7195758,0.846,0.14,0.014
7218227,0.697,0.286,0.017
7191025,0.867,0.122,0.011
7152268,0.275,0.345,0.38
7210298,0.503,0.383,0.114
7096221,0.947,0.051,0.002
7137429,0.796,0.168,0.036
7141582,0.154,0.43,0.416
7125014,0.315367,0.403,0.281633
7204283,0.6144,0.3106,0.075
7129195,0.843,0.146,0.011
7208151,0.934,0.063,0.003
7169433,0.367,0.49,0.143
7194385,0.878,0.108,0.014
7184378,0.603,0.357,0.04
7112430,0.4665,0.33025,0.20325
7224419,0.759,0.22,0.021
7176557,0.826,0.153,0.021
7185501,0.4465,0.4665,0.087
7205296,0.886,0.094,0.02
7143873,0.613917,0.307083,0.079
7227106,0.33,0.466,0.204
7143808,0.178,0.484,0.338
7123007,0.302,0.422,0.276
7120025,0.242,0.335,0.423
7095934,0.254,0.663,0.083
7102526,0.526,0.355,0.119
7149561,0.703,0.227,0.07
7147321,0.280417,0.488,0.231583
7163675,0.94,0.048,0.012
7203197,0.886,0.111,0.003
7192159,0.823833,0.144,0.032167
7124635,0.762,0.197,0.041
7138513,0.725,0.265,0.01
7116744,0.504,0.366,0.13
7228168,0.863,0.132,0.005
7156739,0.21,0.5145,0.2755
7233157,0.409,0.528,0.063
7091879,0.565,0.373,0.062
7145151,0.534,0.365,0.101
7230883,0.874,0.108,0.018
7188256,0.152,0.477,0.371
7203095,0.9796,0.02,0.0004
7142105,0.577,0.271,0.152
7210546,0.576,0.347,0.077
7134026,0.384,0.474,0.142
7119521,0.536,0.428,0.036
7225812,0.35,0.619,0.031
7231536,0.616,0.305,0.079
7120399,0.389,0.558,0.053
7209940,0.75,0.193,0.057
7125730,0.508,0.428,0.064
7129665,0.92,0.062,0.018
7156628,0.606,0.317,0.077
7154533,0.958,0.039,0.003
7194011,0.709,0.205,0.086
7159573,0.5016,0.333,0.1654
7122632,0.998,0.002,0.0
7199902,0.985,0.013,0.002
7204514,0.721,0.225,0.054
7114559,0.465,0.46,0.075
7172574,0.53,0.365,0.105
7190848,0.698,0.249,0.053
7127320,0.227,0.636,0.137
7099989,0.583,0.3,0.117
7193209,0.396,0.387,0.217
7163387,0.26,0.359,0.381
7192322,0.83,0.151,0.019
7181284,0.663,0.266,0.071
7138658,0.884,0.098,0.018
7094836,0.982,0.017,0.001
7228347,0.888,0.104,0.008
7092957,0.482,0.383,0.135
7095106,0.756,0.222,0.022
7118353,0.902,0.088,0.01
7187196,0.875,0.117,0.008
7171952,0.401333,0.523333,0.075333
7109967,0.951,0.042,0.007
7121401,0.409,0.412,0.179
7117926,0.276,0.467,0.257
7149587,0.741,0.241,0.018
7153700,0.954,0.046,0.0
7128436,0.96,0.033,0.007
7156683,0.7284,0.233,0.0386
7183547,0.875,0.115,0.01
7130682,0.437,0.451,0.112
7191787,0.872,0.1,0.028
7201129,0.914,0.085,0.001
7131018,0.749,0.213,0.038
7191519,0.556,0.353,0.091
7129888,0.785,0.189,0.026
7119314,0.931,0.034,0.035
7173398,0.547,0.303,0.15
7100690,0.79,0.149,0.061
7111231,0.302167,0.522833,0.175
7173783,0.568,0.322,0.11
7185543,0.593,0.37,0.037
7190190,0.570333,0.283667,0.146
7157963,0.424,0.282,0.294
7158304,0.906,0.067,0.027
7095639,0.628,0.315,0.057
7130993,0.795833,0.166167,0.038
7117359,0.632,0.284,0.084
7122494,0.985333,0.013667,0.001
7093292,0.47,0.389,0.141
7214909,0.599,0.366,0.035
7178939,0.45,0.386,0.164
7209358,0.9,0.095,0.005
7232607,0.842,0.147,0.011
7207044,0.768,0.206,0.026
7223765,0.575667,0.362333,0.062
7103387,0.441,0.453,0.106
7149774,0.842,0.143,0.015
7105211,0.685,0.294,0.021
7183544,0.872,0.116,0.012
7233547,0.48,0.41,0.11
7096046,0.789,0.202,0.009
7174305,0.984,0.012,0.004
7172833,0.517,0.398,0.085
7109230,0.898667,0.089333,0.012
7180549,0.657,0.257,0.086
7096591,0.882,0.096,0.022
7110015,0.843,0.146,0.011
7114048,0.402,0.573,0.025
7111037,0.287,0.526,0.187
7218940,0.771,0.21,0.019
7151360,0.363,0.093,0.544
7127611,0.4125,0.5225,0.065
7157286,0.621,0.301,0.078
7155237,0.751,0.173,0.076
7152325,0.099,0.13,0.771
7133809,0.698,0.239,0.063
7151723,0.733,0.201,0.066
7139628,0.691,0.277,0.032
7116008,0.976,0.023,0.001
7139222,0.579,0.344,0.077
7118151,0.504917,0.406083,0.089
7211749,0.788,0.162,0.05
7216084,0.5845,0.3545,0.061
7167944,0.35,0.515,0.135
7204462,0.217,0.372,0.411
7170651,0.724,0.242,0.034
7166110,0.957,0.037,0.006
7215024,0.818,0.167,0.015
7092587,0.276,0.639,0.085
7228780,0.695,0.282,0.023
7113165,0.32,0.599,0.081
7185875,0.559,0.391,0.05
7207091,0.52825,0.40675,0.065
7154391,0.631,0.304,0.065
7134369,0.413,0.403,0.184
7114144,0.826,0.157,0.017
7225788,0.985,0.012,0.003
7174343,0.522,0.372,0.106
7184376,0.7495,0.2275,0.023
7099086,0.791,0.186,0.023
7206516,0.918,0.076,0.006
7109865,0.994,0.005,0.001
7221603,0.656,0.27,0.074
7102769,0.58825,0.35175,0.06
7136804,0.678,0.272,0.05
7133432,0.308,0.537,0.155
7211670,0.312,0.528,0.16
7193044,0.510333,0.331667,0.158
7179722,0.817,0.169,0.014
7098040,0.4928,0.3582,0.149
7228235,0.891,0.078,0.031
7168531,0.79,0.193,0.017
7092471,0.8265,0.152,0.0215
7151021,0.668083,0.254917,0.077
7117279,0.992,0.007,0.001
7231987,0.679,0.251,0.07
7152057,0.7495,0.171,0.0795
7169603,0.87975,0.088,0.03225
7190178,0.855,0.127,0.018
7098492,0.493,0.418,0.089
7151657,0.999,0.001,0.0
7202087,0.438,0.341,0.221
7172144,0.664,0.234,0.102
7151264,0.452,0.261,0.287
7167649,0.574,0.251,0.175
7125098,0.81,0.167,0.023
7192968,0.162,0.637,0.201
7167064,0.749,0.208,0.043
7208386,0.683,0.27,0.047
7140549,0.336,0.432,0.232
7232611,0.465,0.351,0.184
7231989,0.781,0.198,0.021
7131237,0.421,0.459,0.12
7123477,0.620333,0.323667,0.056
7139138,0.404333,0.318,0.277667
7100724,0.745,0.237,0.018
7114596,0.808,0.175,0.017
7143360,0.856,0.134,0.01
7131232,0.231,0.376,0.393
7135694,0.714,0.23,0.056
7156849,0.305,0.307,0.388
7134868,0.475,0.453,0.072
7204699,0.2225,0.417,0.3605
7159026,0.601,0.331,0.068
7210613,0.59,0.36,0.05
7178322,0.653,0.265,0.082
7092546,0.677,0.228667,0.094333
7175776,0.597,0.37,0.033
7198568,0.241,0.569,0.19
7205032,0.732,0.221,0.047
7191829,0.517908,0.352,0.130092
7090354,0.973,0.015,0.012
7103754,0.508,0.3315,0.1605
7210833,0.471,0.46,0.069
7119486,0.597,0.364,0.039
7313611,0.654333,0.293667,0.052
7192079,0.705,0.243,0.052
7174050,0.577,0.322,0.101
7158408,0.694,0.21,0.096
7162815,0.276,0.383,0.341
7128366,0.491,0.276,0.233
7233175,0.54,0.365,0.095
7095885,0.654,0.285,0.061
7098256,0.812,0.167,0.021
7198026,0.5167,0.3673,0.116
7179395,0.943,0.043,0.014
7126687,0.79925,0.182,0.01875
7186570,0.99,0.01,0.0
7174616,0.25,0.639,0.111
7190918,0.526,0.426,0.048
7174630,0.82,0.16,0.02
7099714,0.536,0.369,0.095
7210257,0.875,0.118,0.007
7218237,0.655,0.28,0.065
7194008,0.644,0.261,0.095
7145715,0.809,0.174,0.017
7161245,0.987,0.011,0.002
7232193,0.522,0.253,0.225
7157880,0.683,0.28,0.037
7234325,0.993,0.007,0.0
7105040,0.4735,0.3915,0.135
7123444,0.921,0.065,0.014
7098616,0.753,0.229,0.018
7111962,0.983,0.015,0.002
7206817,0.956,0.043,0.001
7140556,0.813,0.145,0.042
7214145,0.863,0.132,0.005
7215333,0.569,0.399,0.032
7130379,0.5445,0.374,0.0815
7215033,0.7325,0.245,0.0225
7200611,0.669,0.27,0.061
7159658,0.36,0.37025,0.26975
7109857,0.807,0.178,0.015
7187765,0.718,0.232,0.05
7197884,0.6225,0.261,0.1165
7141108,0.577,0.331,0.092
7221313,0.38,0.482,0.138
7160195,0.676,0.304,0.02
7135503,0.958,0.041,0.001
7184754,0.433,0.525,0.042
7181796,0.485,0.425,0.09
7204408,0.481,0.433,0.086
7125047,0.72625,0.25275,0.021
7170001,0.289,0.563,0.148
7222789,0.783,0.202,0.015
7119555,0.438,0.39,0.172
7103893,0.653,0.304,0.043
7231878,0.84,0.151,0.009
7194073,0.479,0.419,0.102
7156654,0.792,0.174,0.034
7181249,0.8284,0.1166,0.055
7155816,0.76,0.183,0.057
7140001,0.7,0.261,0.039
7167234,0.45,0.445,0.105
7102496,0.602,0.303,0.095
7232981,0.384,0.321,0.295
7216485,0.694,0.249,0.057
7224065,0.717,0.268,0.015
7172720,0.969,0.028,0.003
7119328,0.613,0.263,0.124
7166323,0.824,0.16,0.016
7095312,0.936,0.047,0.017
7126464,0.577867,0.341133,0.081
7156313,0.965,0.031,0.004
7142691,0.57,0.345,0.085
7180405,0.539,0.324,0.137
7201309,0.666,0.272,0.062
7229233,0.756,0.196,0.048
7128242,0.806,0.189,0.005
7206764,0.75,0.198,0.052
7125953,0.596,0.2625,0.1415
7193756,0.501,0.416,0.083
7110807,0.499,0.39,0.111
7123025,0.6695,0.2245,0.106
7229043,0.713,0.227,0.06
7144529,0.219,0.491,0.29
7089925,0.7,0.229,0.071
7142909,0.889,0.109,0.002
7200320,0.491,0.435,0.074
7216427,0.604,0.335,0.061
7192680,0.634,0.28,0.086
7130341,0.306,0.424167,0.269833
7214209,0.806,0.153,0.041
7207776,0.126,0.64,0.234
7185816,0.486,0.43,0.084
7172271,0.8375,0.1405,0.022
7165343,0.681833,0.264167,0.054
7212934,0.564,0.318,0.118
7152751,0.507,0.36,0.133
7089177,0.50775,0.36325,0.129
7135107,0.581,0.364,0.055
7092850,0.577,0.379,0.044
7158555,0.333,0.461,0.206
7234183,0.8114,0.169,0.0196
7118286,0.637,0.304,0.059
7119152,0.868,0.117,0.015
7223584,0.421,0.412,0.167
7123957,0.921,0.069,0.01
7223702,0.972,0.027,0.001
7108026,0.919,0.07,0.011
7165605,0.094,0.197,0.709
7227039,0.308,0.536,0.156
7157195,0.644,0.28,0.076
7104579,0.5575,0.2865,0.156
7119805,0.338,0.332,0.33
7142014,0.158,0.586,0.256
7174412,0.902,0.09,0.008
7205037,0.7195,0.2495,0.031
7096604,0.716,0.212,0.072
7214758,0.6709,0.2891,0.04
7135785,0.479,0.303,0.218
7210042,0.8475,0.1305,0.022
7150868,0.448,0.296,0.256
7115004,0.679,0.287,0.034
7208850,0.794683,0.152,0.053317
7122006,0.345,0.426,0.229
7218334,0.734667,0.241533,0.0238
7164673,0.511,0.278,0.211
7098334,0.57525,0.36175,0.063
7116799,0.807,0.158,0.035
7158050,0.4975,0.4185,0.084
7113260,0.229,0.48,0.291
7169293,0.568,0.376,0.056
7219356,0.326,0.396,0.278
7103883,0.744,0.214,0.042
7162849,0.462,0.436,0.102
7220960,0.447,0.435,0.118
7218150,0.742,0.228,0.03
7169062,0.623333,0.291667,0.085
7132833,0.459,0.401,0.14
7153312,0.602,0.286,0.112
7102582,0.777,0.19,0.033
7128031,0.822,0.126,0.052
7226979,0.929,0.063,0.008
7174830,0.831,0.149,0.02
7095500,0.18,0.457,0.363
7203788,0.819,0.143,0.038
7195129,0.307708,0.481667,0.210625
7096676,0.781,0.187,0.032
7139189,0.821,0.153,0.026
7156036,0.337,0.418,0.245
7201766,0.121,0.221,0.658
7127461,0.487,0.3005,0.2125
7176092,0.222,0.439,0.339
7093983,0.5054,0.4406,0.054
7219250,0.513,0.43,0.057
7216197,0.173,0.666,0.161
7175523,0.457,0.402,0.141
7096041,0.79,0.197,0.013
7106333,0.741,0.234,0.025
7135564,0.637333,0.292667,0.07
7230191,0.784,0.163,0.053
7094318,0.218,0.501,0.281
7157145,0.71,0.273,0.017
7141347,0.774,0.201,0.025
7197253,0.227,0.44,0.333
7151861,0.930333,0.059,0.010667
7128268,0.903,0.085,0.012
7180937,0.611,0.289,0.1
7097170,0.9,0.086,0.014
7205053,0.75,0.21,0.04
7223074,0.335,0.493,0.172
7127700,0.6,0.275,0.125
7184877,0.861,0.121,0.018
7156129,0.808,0.147,0.045
7233730,0.764517,0.166,0.069483
7153783,0.738,0.187,0.075
7113299,0.744,0.234,0.022
7098374,0.697936,0.268064,0.034
7225647,0.766,0.195,0.039
7111117,0.722,0.252,0.026
7138147,0.5865,0.3395,0.074
7120784,0.547,0.356,0.097
7186670,0.858,0.102,0.04
7145739,0.919,0.076,0.005
7090058,0.534,0.322,0.144
7110436,0.628,0.3115,0.0605
7232756,0.953,0.047,0.0
7111709,0.459,0.43,0.111
7107311,0.826,0.15,0.024
7210450,0.4754,0.312,0.2126
7127661,0.459,0.46,0.081
7096383,0.194,0.529,0.277
7137831,0.915,0.058,0.027
7160032,0.296,0.408,0.296
7128113,0.748,0.238,0.014
7197701,0.813,0.163,0.024
7140888,0.723,0.26,0.017
7098130,0.303,0.412,0.285
7158260,0.973,0.023,0.004
7112812,0.223,0.324,0.453
7179231,0.442,0.393,0.165
7123293,0.43075,0.42325,0.146
7127939,0.514,0.36,0.126
7210843,0.972,0.025,0.003
7119906,0.797333,0.192,0.010667
7157868,0.837,0.131,0.032
7160993,0.919,0.066,0.015
7198449,0.323,0.566,0.111
7194749,0.16675,0.445583,0.387667
7164909,0.607,0.31,0.083
7155991,0.782,0.19,0.028
7219535,0.564,0.303,0.133
7127883,0.777,0.203,0.02
7192641,0.474,0.311,0.215
7222187,0.495,0.369,0.136
7129565,0.789,0.192,0.019
7143475,0.17,0.711,0.119
7121904,0.359,0.383,0.258
7124968,0.565,0.411,0.024
7103194,0.741,0.238,0.021
7197397,0.837,0.156,0.007
7181741,0.356,0.581,0.063
7139959,0.532417,0.411583,0.056
7179519,0.604,0.138,0.258
7187941,0.529,0.426,0.045
7142188,0.113,0.213,0.674
7224310,0.566,0.323,0.111
7142856,0.376,0.562,0.062
7090831,0.711,0.277,0.012
7152437,0.977,0.023,0.0
7130584,0.492,0.346,0.162
7162590,0.8395,0.142,0.0185
7210173,0.714,0.267,0.019
7173461,0.446,0.34,0.214
7201402,0.611,0.312,0.077
7156675,0.37,0.401,0.229
7105849,0.552,0.334,0.114
7190940,0.731,0.255,0.014
7176492,0.539,0.333,0.128
7109146,0.587,0.374,0.039
7135096,0.505,0.397,0.098
7145341,0.529,0.374,0.097
7170053,0.343,0.462,0.195
7222037,0.137,0.375,0.488
7200576,0.8,0.129,0.071
7219311,0.5245,0.25,0.2255
7088683,0.73,0.209,0.061
7197130,0.509,0.367,0.124
7198553,0.704,0.2,0.096
7092108,0.6375,0.2715,0.091
7233635,0.417,0.488,0.095
7162208,0.696,0.261,0.043
7113584,0.418,0.491,0.091
7088920,0.455,0.335,0.21
7212619,0.938,0.057,0.005
7108297,0.775,0.212,0.013
7212382,0.671,0.295,0.034
7228960,0.659,0.263,0.078
7223136,0.956,0.042,0.002
7140835,0.717,0.213,0.07
7161726,0.308,0.487,0.205
7193196,0.926,0.068,0.006
7131021,0.684,0.305,0.011
7136116,0.971,0.019,0.01
7199243,0.639667,0.305333,0.055
7107410,0.512,0.405,0.083
7111408,0.689,0.246,0.065
7143442,0.5595,0.3735,0.067
7201307,0.845,0.144,0.011
7163518,0.205,0.351,0.444
7210133,0.644,0.287,0.069
7155655,0.639,0.261,0.1
7140488,0.558,0.33,0.112
7133293,0.682,0.257,0.061
7126808,0.599,0.314,0.087
7227507,0.65,0.260667,0.089333
7159592,0.754,0.2,0.046
7180725,0.734,0.201,0.065
7150854,0.996,0.003,0.001
7137335,0.878667,0.112333,0.009
7158425,0.691,0.235,0.074
7213225,0.932,0.056,0.012
7148260,0.684,0.267,0.049
7111858,0.949,0.047,0.004
7171126,0.783,0.199,0.018
7189468,0.938,0.055,0.007
7192340,0.629,0.308,0.063
7164476,0.329,0.394,0.277
7510953,0.876,0.102,0.022
7233576,0.57,0.41,0.02
7181820,0.666,0.284,0.05
7152810,0.610167,0.326833,0.063
7201962,0.955,0.039,0.006
7139487,0.52,0.382,0.098
7227862,0.498667,0.396333,0.105
7207553,0.606,0.299,0.095
7161665,0.583,0.31,0.107
7145839,0.832,0.159,0.009
7111740,0.993,0.006,0.001
7218313,0.787,0.203,0.01
7210476,0.815,0.156,0.029
7215652,0.792,0.194,0.014
7139122,0.610667,0.347333,0.042
7105843,0.478,0.411,0.111
7202962,0.562583,0.372417,0.065
7125601,0.7245,0.2285,0.047
7177976,0.779,0.196,0.025
7160458,0.723,0.216,0.061
7101930,0.638,0.309,0.053
7162776,0.8925,0.0885,0.019
7201534,0.218,0.64,0.142
7134791,0.382,0.446,0.172
7187911,0.813,0.139,0.048
7179474,0.753,0.161,0.086
7211709,0.219,0.473,0.308
7091376,0.59955,0.37545,0.025
7220819,0.245,0.24,0.515
7097222,0.56,0.351,0.089
7214485,0.941,0.054,0.005
7191186,0.93,0.054667,0.015333
7113981,0.9102,0.087,0.0028
7100790,0.979133,0.014867,0.006
7147743,0.98,0.017,0.003
7092755,0.337,0.511,0.152
7113999,0.753,0.213,0.034
7119360,0.666,0.284,0.05
7088049,0.978,0.02,0.002
7144447,0.173,0.351,0.476
7123686,0.73,0.265,0.005
7178148,0.552,0.352,0.096
7100482,0.571,0.375,0.054
7131572,0.170333,0.362,0.467667
7181965,0.509,0.395,0.096
7110028,0.504167,0.331,0.164833
7107440,0.4556,0.5044,0.04
7124764,0.888,0.105,0.007
7152838,0.828,0.159,0.013
7146250,0.339,0.323,0.338
7198218,0.478,0.361,0.161
7136542,0.142,0.681,0.177
7204694,0.953,0.038,0.009
7230370,0.788,0.177,0.035
7207615,0.962,0.032,0.006
7170804,0.67,0.266,0.064
7100338,0.4772,0.4448,0.078
7102612,0.603,0.337,0.06
7136327,0.63,0.22,0.15
7226629,0.673,0.3,0.027
7154141,0.773,0.171,0.056
7119278,0.837,0.135,0.028
7172516,0.631,0.278,0.091
7173854,0.524333,0.322667,0.153
7113913,0.843,0.146,0.011
7214948,0.803,0.172,0.025
7167244,0.374,0.445,0.181
7212552,0.486,0.367,0.147
7169247,0.635083,0.283667,0.08125
7164608,0.221,0.381,0.398
7104037,0.861,0.123,0.016
7161305,0.803,0.17,0.027
7233719,0.808,0.163,0.029
7197388,0.397,0.487,0.116
7109575,0.75775,0.165,0.07725
7204398,0.866,0.124,0.01
7218631,0.845,0.085,0.07
7130018,0.59875,0.30925,0.092
7123544,0.59,0.338,0.072
7159778,0.99,0.009,0.001
7212037,0.973,0.021,0.006
7141155,0.84,0.141,0.019
7131753,0.841,0.15,0.009
7172478,0.753,0.206,0.041
7119936,0.815,0.163,0.022
7178319,0.886,0.106,0.008
7210976,0.745,0.22,0.035
7088694,0.338,0.499,0.163
7126674,0.836,0.144,0.02
7225095,0.319,0.508,0.173
7177379,0.458,0.386,0.156
7167344,0.842,0.126,0.032
7092487,0.419,0.422,0.159
7207338,0.634,0.264833,0.101167
7200580,0.4285,0.32815,0.24335
7101757,0.924,0.067,0.009
7106534,0.987,0.01,0.003
7140877,0.556,0.366,0.078
7088400,0.828,0.153,0.019
7208826,0.347,0.503,0.15
7124298,0.2895,0.439,0.2715
7197164,0.628,0.266,0.106
7188447,0.773,0.216,0.011
7193170,0.566,0.367,0.067
7232150,0.299,0.462,0.239
7206931,0.697,0.228,0.075
7163701,0.575,0.251,0.174
7230747,0.678,0.252,0.07
7123636,0.871,0.112,0.017
7100167,0.08,0.45,0.47
7095483,0.5636,0.3244,0.112
7212292,0.938,0.046,0.016
7161423,0.398,0.471,0.131
7094323,0.427,0.414,0.159
7134126,0.724,0.232,0.044
7135730,0.729,0.228,0.043
7114056,0.163,0.312,0.525
7162122,0.838,0.133,0.029
7226116,0.612,0.318,0.07
7225528,0.888,0.082,0.03
7198381,0.707,0.268,0.025
7165862,0.761,0.227,0.012
7226721,0.767,0.192,0.041
7119665,0.632,0.347,0.021
7092959,0.416,0.5115,0.0725
7233370,0.737,0.205,0.058
7198643,0.705,0.221,0.074
7151311,0.986,0.011,0.003
7228932,0.343333,0.514667,0.142
7133618,0.815,0.171,0.014
7155042,0.959,0.035,0.006
7202228,0.471,0.453,0.076
7138573,0.995,0.003,0.002
7108430,0.717,0.213,0.07
7231314,0.981,0.017,0.002
7124228,0.566,0.358,0.076
7174511,0.629,0.314,0.057
7185449,0.906,0.091,0.003
7213650,0.978,0.022,0.0
7133941,0.721,0.233,0.046
7187366,0.877,0.115,0.008
7224166,0.55,0.38,0.07
7169973,0.498,0.453,0.049
7210489,0.764,0.184,0.052
7161088,0.45,0.424,0.126
7153934,0.638,0.313,0.049
7131257,0.818,0.144,0.038
7194859,0.371,0.438,0.191
7113061,0.259,0.478,0.263
7204259,0.801,0.182,0.017
7222883,0.83,0.152,0.018
7102127,0.521,0.335,0.144
7101779,0.667,0.29,0.043
7204401,0.959,0.034,0.007
7102696,0.85,0.128,0.022
7167132,0.889,0.107,0.004
7153925,0.248,0.562,0.19
7109556,0.999,0.001,0.0
7140782,0.86,0.095,0.045
7150633,0.847,0.12,0.033
7130332,0.65,0.249,0.101
7090117,0.701,0.276,0.023
7159969,0.532,0.362,0.106
7159980,0.753,0.238,0.009
7094322,0.319,0.497,0.184
7169785,0.706,0.221,0.073
7137077,0.638,0.336,0.026
7166021,0.848833,0.128167,0.023
7090007,0.59,0.386,0.024
7174035,0.674,0.223,0.103
7222684,0.993,0.007,0.0
7145358,0.493,0.447,0.06
7198874,0.497,0.3855,0.1175
7227001,0.582,0.281,0.137
7213525,0.75325,0.208,0.03875
7222801,0.962,0.032,0.006
7223947,0.343,0.504,0.153
7217717,0.516,0.444,0.04
7131037,0.884,0.106,0.01
7212360,0.371,0.275,0.354
7116094,0.686,0.188,0.126
7117057,0.76,0.216,0.024
7110218,0.33,0.382667,0.287333
7224295,0.614,0.344,0.042
7156844,0.516,0.432,0.052
7132335,0.521,0.348,0.131
7177151,0.327,0.444,0.229
7145144,0.507,0.434,0.059
7088527,0.774,0.205,0.021
7591938,0.779,0.196,0.025
7164189,0.697,0.282,0.021
7181386,0.612333,0.322667,0.065
7154896,0.851,0.131,0.018
7171775,0.8045,0.1405,0.055
7223791,0.411,0.513,0.076
7114825,0.811,0.178,0.011
7186411,0.857,0.138,0.005
7178692,0.746,0.162,0.092
7092405,0.625,0.243,0.132
7154186,0.777,0.214,0.009
7089860,0.807,0.176,0.017
7093311,0.657417,0.282583,0.06
7095391,0.974,0.023,0.003
7117897,0.68,0.292,0.028
7109138,0.5936,0.3534,0.053
7099040,0.681,0.249,0.07
7093041,0.903,0.087,0.01
7094767,0.752,0.23,0.018
7111403,0.582,0.332,0.086
7136662,0.681,0.258,0.061
7172760,0.627,0.297,0.076
7093925,0.456,0.366,0.178
7151085,0.913667,0.081333,0.005
7229152,0.717,0.246,0.037
7177630,0.603,0.36,0.037
7112601,0.81,0.172,0.018
7091858,0.5575,0.252,0.1905
7145790,0.447,0.404,0.149
7121469,0.273,0.565,0.162
7131218,0.788,0.184,0.028
7089818,0.647,0.236,0.117
7218493,0.312,0.436,0.252
7102516,0.527,0.393,0.08
7128832,0.6186,0.3334,0.048
7141416,0.835,0.114,0.051
7119172,0.645,0.243,0.112
7104404,0.383,0.535,0.082
7155370,0.678,0.274,0.048
7099106,0.724,0.232,0.044
7207897,0.732667,0.237,0.030333
7181407,0.205,0.47,0.325
7230033,0.3925,0.3545,0.253
7089127,0.283,0.499,0.218
7209677,0.735,0.251,0.014
7140941,0.459,0.402,0.139
7104655,0.673,0.289,0.038
7229311,0.463417,0.392583,0.144
7150462,0.632,0.307,0.061
7193420,0.499833,0.3737,0.126467
7224661,0.473,0.396,0.131
7105052,0.736,0.231,0.033
7211261,0.218,0.509,0.273
7209769,0.403,0.437,0.16
7167803,0.821,0.169,0.01
7095923,0.799,0.155,0.046
7187442,0.689,0.269,0.042
7108785,0.759,0.185,0.056
7179725,0.983,0.013,0.004
7210753,0.707,0.22,0.073
7211593,0.659,0.277,0.064
7186078,0.733,0.248,0.019
7090925,0.372,0.402,0.226
7134002,0.535,0.318,0.147
7164549,0.704,0.216,0.08
7215742,0.87,0.116,0.014
7108240,0.44,0.353,0.207
7197086,0.225,0.59,0.185
7205678,0.838,0.138,0.024
7122785,0.812,0.164,0.024
7114064,0.838,0.156,0.006
7224343,0.745,0.23,0.025
7194178,0.797167,0.166833,0.036
7095589,0.581,0.34,0.079
7197800,0.814,0.164,0.022
7088799,0.716,0.251,0.033
7194121,0.625,0.295,0.08
7196590,0.271,0.419,0.31
7223833,0.461,0.481,0.058
7110915,0.504,0.364,0.132
7224056,0.749,0.194,0.057
7197047,0.258,0.665,0.077
7090158,0.266,0.608,0.126
7123473,0.283,0.444,0.273
7193586,0.499,0.374,0.127
7196693,0.856,0.122,0.022
7199564,0.786,0.184,0.03
7093574,0.819333,0.158667,0.022
7092343,0.524,0.401,0.075
7217049,0.293,0.574,0.133
7111219,0.624,0.312,0.064
7133704,0.674,0.249,0.077
7182001,0.853667,0.116,0.030333
7180442,0.491,0.365,0.144
7111017,0.634,0.203,0.163
7220878,0.478,0.346,0.176
7095205,0.982,0.015,0.003
7216517,0.967,0.031,0.002
7159288,0.748333,0.184,0.067667
7119246,0.512,0.246,0.242
7158215,0.55,0.344,0.106
7136730,0.622,0.289,0.089
7107671,0.817,0.152,0.031
7134021,0.828,0.134,0.038
7232515,0.29,0.512,0.198
7147946,0.952,0.039,0.009
7190857,0.963,0.036,0.001
7178889,0.7835,0.1845,0.032
7170422,0.679667,0.246,0.074333
7091904,0.951,0.042,0.007
7217352,0.526,0.362,0.112
7197908,0.424,0.397,0.179
7142717,0.788,0.192,0.02
7183537,0.847,0.132,0.021
7205546,0.437,0.455,0.108
7183423,0.72025,0.226,0.05375
7093427,0.886,0.107,0.007
7219409,0.632,0.288,0.08
7116703,0.704067,0.221933,0.074
7151354,0.192,0.379,0.429
7222105,0.674,0.265,0.061
7180795,0.577,0.208,0.215
7098008,0.583433,0.319667,0.0969
7206904,0.681,0.253,0.066
7141611,0.727,0.25,0.023
7195338,0.652,0.308,0.04
7092067,0.495,0.393,0.112
7097792,0.768,0.16,0.072
7222020,0.784,0.171,0.045
7209642,0.468,0.353,0.179
7209245,0.405,0.536,0.059
7108986,0.27,0.079,0.651
7107555,0.739,0.241,0.02
7233072,0.855,0.144,0.001
7156026,0.719,0.214,0.067
7169905,0.578,0.361,0.061
7122126,0.546,0.276,0.178
7211201,0.947,0.037,0.016
7742794,0.81765,0.157,0.02535
7207937,0.768,0.209,0.023
7202637,0.994,0.006,0.0
7134448,0.779,0.196,0.025
7173594,0.695,0.283,0.022
7108951,0.896,0.102,0.002
7174472,0.985,0.014,0.001
7210897,0.514,0.319,0.167
7185768,0.745,0.237,0.018
7230376,0.618,0.303,0.079
7098825,0.743,0.213,0.044
7201948,0.47,0.411,0.119
7165062,0.16,0.234,0.606
7198423,0.6651,0.2729,0.062
7119178,0.919,0.062,0.019
7178479,0.665,0.264,0.071
7200232,0.879,0.11,0.011
7170145,0.181,0.355,0.464
7176379,0.82,0.147,0.033
7137043,0.907,0.086,0.007
7200384,0.659,0.279,0.062
7217821,0.837,0.147,0.016
7134893,0.759,0.211,0.03
7197725,0.636,0.306,0.058
7204952,0.543,0.365,0.092
7231644,0.705,0.269,0.026
7234150,0.86,0.108,0.032
7114993,0.779,0.2,0.021
7136309,0.427,0.436,0.137
7220322,0.838,0.146,0.016
7187965,0.483,0.38,0.137
7203099,0.824,0.157,0.019
7143470,0.612,0.242,0.146
7087974,0.689,0.287,0.024
7140778,0.377,0.461,0.162
7129324,0.842,0.139,0.019
7213945,0.723,0.243,0.034
7226210,0.849,0.143,0.008
7162274,0.864,0.123,0.013
7102773,0.579,0.307,0.114
7186868,0.762,0.224,0.014
7228647,0.247333,0.41425,0.338417
7193706,0.702,0.269,0.029
7122928,0.72,0.265,0.015
7229267,0.437,0.48,0.083
7206300,0.746,0.218,0.036
7147449,0.858,0.098,0.044
7136240,0.961,0.036,0.003
7221477,0.587,0.333,0.08
7106186,0.522,0.381,0.097
7145156,0.476,0.395,0.129
7224345,0.901,0.091,0.008
7232021,0.711,0.223,0.066
7231348,0.579,0.361,0.06
7140758,0.79,0.195,0.015
7099533,0.339,0.515,0.146
7225250,0.731,0.247,0.022
7125833,0.987,0.01,0.003
7129454,0.889,0.096,0.015
7092980,0.644833,0.316,0.039167
7123453,0.348,0.508,0.144
7142795,0.181,0.589,0.23
7102119,0.213,0.298,0.489
7211567,0.842,0.144,0.014
7213621,0.77,0.211,0.019
7103201,0.325,0.56,0.115
7163924,0.945,0.046,0.009
7210111,0.691,0.242,0.067
7144655,0.5985,0.3645,0.037
7160952,0.6924,0.2776,0.03
7184254,0.527,0.325,0.148
7216639,0.516,0.329,0.155
7110988,0.465,0.41,0.125
7212621,0.777167,0.206833,0.016
7112656,0.817,0.162,0.021
7224021,0.781,0.181,0.038
7196348,0.164,0.265,0.571
7194589,0.905,0.092,0.003
7193119,0.842,0.143,0.015
7188468,0.982,0.017,0.001
7215737,0.898,0.095,0.007
7137826,0.394,0.452,0.154
7126076,0.881,0.1,0.019
7155324,0.249,0.618,0.133
7157315,0.634,0.256,0.11
7115193,0.694,0.261,0.045
7107399,0.883,0.111,0.006
7218891,0.569,0.308,0.123
7148067,0.56,0.298,0.142
7135725,0.708,0.247,0.045
7197475,0.883,0.105,0.012
7160360,0.356,0.55,0.094
7122081,0.451,0.374,0.175
7159613,0.8285,0.148,0.0235
7189424,0.483,0.37,0.147
7232313,0.258,0.4925,0.2495
7227115,0.355,0.33,0.315
7132993,0.772,0.183,0.045
7217304,0.809,0.151,0.04
7098927,0.607,0.333,0.06
7118354,0.785,0.201,0.014
7178031,0.777,0.194,0.029
7228451,0.953,0.045,0.002
7209911,0.566,0.309,0.125
7170170,0.413,0.46,0.127
7129240,0.6099,0.295,0.0951
7110081,0.505,0.418,0.077
7150140,0.717,0.245,0.038
7180498,0.711,0.224,0.065
7206470,0.771,0.188,0.041
7221088,0.655,0.329,0.016
7120245,0.637,0.284,0.079
7128229,0.724,0.267,0.009
7234393,0.419,0.526,0.055
7231736,0.51,0.446,0.044
7216585,0.123,0.759,0.118
7181376,0.316,0.461,0.223
7145618,0.935,0.056,0.009
7110767,0.423,0.471,0.106
7140360,0.7265,0.2165,0.057
7160625,0.375,0.407,0.218
7218703,0.517533,0.419467,0.063
7183954,0.482,0.421,0.097
7194605,0.45,0.429,0.121
7160599,0.629,0.333,0.038
7145137,0.794,0.172,0.034
7176680,0.712,0.221,0.067
7153917,0.955,0.042,0.003
7134856,0.614,0.305,0.081
7164385,0.912,0.085,0.003
7193987,0.669,0.293,0.038
7204405,0.774,0.194,0.032
7223511,0.732,0.188,0.08
7104941,0.815,0.155,0.03
7168560,0.564,0.271,0.165
7126957,0.546,0.325,0.129
7170035,0.469,0.424,0.107
7220216,0.8728,0.1046,0.0226
7217853,0.742,0.223,0.035
7181390,0.737,0.162333,0.100667
7232921,0.684,0.288,0.028
7199831,0.832,0.132,0.036
7202263,0.775,0.179,0.046
7209616,0.304,0.422,0.274
7128755,0.985,0.012,0.003
7149841,0.942,0.047,0.011
7186032,0.397,0.451,0.152
7137220,0.224,0.386,0.39
7190664,0.609,0.234,0.157
7149496,0.674,0.212,0.114
7120532,0.998,0.002,0.0
7092693,0.464,0.3925,0.1435
7197858,0.749,0.216,0.035
7212194,0.377,0.475,0.148
7138834,0.886,0.108,0.006
7104115,0.4235,0.394,0.1825
7094744,0.982,0.017,0.001
7198943,0.119,0.209,0.672
7176343,0.9195,0.0665,0.014
7133337,0.1555,0.43,0.4145
7188193,0.644,0.284,0.072
7136445,0.294,0.68,0.026
7154538,0.409,0.3725,0.2185
7197339,0.823,0.163,0.014
7121970,0.395,0.344,0.261
7172973,0.328,0.457,0.215
7155222,0.209,0.708,0.083
7208152,0.444,0.431,0.125
7110322,0.321,0.636,0.043
7173039,0.582,0.358,0.06
7225844,0.941,0.058,0.001
7160707,0.632167,0.312,0.055833
7130400,0.71,0.255,0.035
7213472,0.67,0.26,0.07
7090610,0.739,0.248,0.013
7169822,0.5,0.417,0.083
7178185,0.734,0.218,0.048
7118624,0.458,0.503,0.039
7113688,0.881,0.113,0.006
7113441,0.9915,0.0055,0.003
7114204,0.593,0.294,0.113
7189187,0.15,0.398,0.452
7164254,0.778,0.173,0.049
7088691,0.7885,0.1915,0.02
7186876,0.934,0.046,0.02
7110477,0.433,0.527,0.04
7093626,0.505,0.381,0.114
7172747,0.859,0.131,0.01
7218842,0.704,0.227,0.069
7122476,0.788,0.053,0.159
7132478,0.449,0.289,0.262
7152493,0.742,0.226,0.032
7116017,0.456429,0.374571,0.169
7090331,0.771,0.206,0.023
7201906,0.735,0.206,0.059
7170677,0.412,0.456,0.132
7143707,0.387,0.533,0.08
7148406,0.7465,0.1905,0.063
7210622,0.69,0.263,0.047
7180636,0.225,0.308,0.467
7139197,0.826,0.155,0.019
7125598,0.7835,0.176,0.0405
7222360,0.569,0.328,0.103
7152947,0.767,0.204,0.029
7110250,0.649,0.281,0.07
7089590,0.723,0.24,0.037
7192379,0.194,0.568,0.238
7136754,0.616,0.27,0.114
7232839,0.868,0.113,0.019
7187575,0.98,0.015,0.005
7105705,0.296,0.235,0.469
7119070,0.30075,0.502,0.19725
7205349,0.951,0.045,0.004
7187758,0.425,0.417,0.158
7125849,0.962,0.036,0.002
7204785,0.523,0.394,0.083
7118489,0.59,0.194,0.216
7117655,0.517,0.388,0.095
7214997,0.471,0.309,0.22
7141774,0.86,0.108,0.032
7117282,0.808,0.176,0.016
7092905,0.613,0.288,0.099
7167227,0.203,0.575,0.222
7118875,0.5204,0.3846,0.095
7155331,0.861,0.128,0.011
7211438,0.5861,0.3389,0.075
7173559,0.565,0.399,0.036
7199427,0.817,0.138,0.045
7099360,0.248,0.399,0.353
7125705,0.878,0.117,0.005
7172805,0.394,0.482,0.124
7139155,0.298,0.48,0.222
7214039,0.669,0.302,0.029
7094343,0.71,0.205,0.085
7204320,0.7,0.25,0.05
7151971,0.436,0.322,0.242
7110877,0.786,0.19,0.024
7132523,0.731,0.239,0.03
7155519,0.637,0.3,0.063
7190642,0.742,0.245,0.013
7118228,0.817,0.168,0.015
7126213,0.858,0.13,0.012
7172442,0.762,0.228,0.01
7118264,0.946,0.043,0.011
7093219,0.5725,0.3445,0.083
7233590,0.466,0.462,0.072
7128243,0.907,0.08,0.013
7106927,0.971,0.027,0.002
7228089,0.607,0.299,0.094
7146340,0.55425,0.25975,0.186
7112051,0.751,0.142,0.107
7127829,0.812,0.181,0.007
7210234,0.225,0.326,0.449
7109165,0.365367,0.351633,0.283
7166390,0.996,0.003,0.001
7110675,0.775,0.213,0.012
7126338,0.646,0.298,0.056
7143712,0.938,0.059,0.003
7214193,0.406,0.447,0.147
7181512,0.557,0.277,0.166
7155125,0.828,0.148,0.024
7110157,0.47,0.474,0.056
7190022,0.683,0.244,0.073
7227894,0.436,0.390333,0.173667
7203614,0.735,0.247,0.018
7161296,0.937,0.059,0.004
7138026,0.899,0.074,0.027
7133292,0.9315,0.06,0.0085
7136259,0.153333,0.586667,0.26
7092740,0.60075,0.26825,0.131
7185906,0.622,0.253,0.125
7171183,0.215,0.3805,0.4045
7099949,0.592,0.299,0.109
7232816,0.714,0.261,0.025
7731330,0.853,0.135,0.012
7188495,0.920833,0.070167,0.009
7232550,0.798,0.18,0.022
7094154,0.669,0.272,0.059
7194616,0.722,0.229,0.049
7114963,0.578,0.383,0.039
7221523,0.644,0.259,0.097
7179233,0.588,0.31,0.102
7177570,0.619,0.298,0.083
7228441,1.0,0.0,0.0
7153044,0.692333,0.227667,0.08
7172178,0.617,0.298,0.085
7222466,0.29,0.445,0.265
7153261,0.821,0.165,0.014
7124338,0.716,0.246,0.038
7117307,0.136,0.25,0.614
7200728,0.801,0.176,0.023
7134352,0.685,0.282,0.033
7198484,0.542,0.378,0.08
7132745,0.132,0.185,0.683
7111080,0.605,0.351,0.044
7227191,0.474,0.386,0.14
7124588,0.17,0.323,0.507
7127484,0.31,0.308,0.382
7094225,0.553,0.371,0.076
7230321,0.481,0.466,0.053
7154577,0.833,0.147,0.02
7204593,0.987,0.013,0.0
7157769,0.54,0.373,0.087
7173154,0.53,0.357,0.113
7113368,0.4525,0.5415,0.006
7096071,0.649,0.255,0.096
7137523,0.536,0.35,0.114
7131181,0.616,0.272,0.112
7095284,0.789,0.199,0.012
7157158,0.53475,0.39625,0.069
7088651,0.729167,0.236833,0.034
7197295,0.688,0.297,0.015
7137293,0.634,0.323,0.043
7091021,0.859317,0.067,0.073683
7228687,0.669167,0.301833,0.029
7100224,0.5215,0.3065,0.172
7144950,0.219,0.259833,0.521167
7154009,0.217,0.362333,0.420667
7115833,0.479,0.426,0.095
7102621,0.815,0.175,0.01
7137867,0.575,0.331,0.094
7182564,0.729,0.221,0.05
7208411,0.785,0.201,0.014
7111203,0.555,0.355,0.09
7106948,0.997,0.003,0.0
7131171,0.283,0.521,0.196
7162196,0.853,0.142,0.005
7204960,0.766,0.197,0.037
7220813,0.469,0.421,0.11
7102514,0.728,0.234,0.038
7170188,0.601,0.347,0.052
7200451,0.532,0.423,0.045
7131681,0.405,0.469,0.126
7155766,0.77,0.198,0.032
7200749,0.23,0.369,0.401
7191970,0.562,0.345,0.093
7127552,0.164,0.356,0.48
7186989,0.906333,0.081667,0.012
7102873,0.695,0.255,0.05
7205155,0.945,0.037,0.018
7126587,0.315333,0.638667,0.046
7098737,0.6735,0.2895,0.037
7180033,0.933,0.058,0.009
7234396,0.608,0.334,0.058
7140834,0.926,0.07,0.004
7181527,0.155,0.366,0.479
7109341,0.62,0.329,0.051
7193958,0.2284,0.3376,0.434
7202079,0.504917,0.320083,0.175
7217657,0.698167,0.263833,0.038
7185316,0.415,0.529,0.056
7216681,0.612,0.31,0.078
7136951,0.59,0.32,0.09
7186792,0.777,0.195,0.028
7131845,0.421,0.441,0.138
7143957,0.385333,0.481,0.133667
7207682,0.597,0.289,0.114
7228913,0.239,0.421,0.34
7185290,0.754,0.213,0.033
7228048,0.786,0.171,0.043
7091789,0.52875,0.334,0.13725
7172114,0.322,0.479,0.199
7204344,0.778,0.179,0.043
7212429,0.7669,0.2081,0.025
7174038,0.681,0.241,0.078
7140947,0.717,0.248,0.035
7136385,0.305333,0.544,0.150667
7098697,0.583,0.322,0.095
7103401,0.434,0.438,0.128
7129860,0.654667,0.276333,0.069
7105664,0.553,0.397,0.05
7233144,0.392,0.426,0.182
7207409,0.614,0.342,0.044
7231912,0.576,0.352,0.072
7126959,0.749,0.222,0.029
7227804,0.798,0.17,0.032
7163821,0.953,0.045,0.002
7145485,0.87,0.108,0.022
7097859,0.455,0.452,0.093
7154234,0.697,0.241,0.062
7109970,0.411,0.449,0.14
7152005,0.8827,0.086,0.0313
7232891,0.611,0.301,0.088
7142235,0.637,0.288,0.075
7149949,0.58,0.273,0.147
7195663,0.479,0.433,0.088
7190710,0.736,0.246,0.018
7142847,0.758,0.162,0.08
7138357,0.759,0.23,0.011
7203622,0.826,0.154,0.02
7123206,0.843,0.145,0.012
7143835,0.426,0.411,0.163
7203807,0.147,0.544,0.309
7176422,0.911,0.077,0.012
7161267,0.97,0.027,0.003
7217764,0.613,0.33,0.057
7189800,0.188,0.558,0.254
7157949,0.869,0.11,0.021
7137148,0.848,0.119,0.033
7182086,0.46,0.403,0.137
7093895,0.679,0.279,0.042
7234109,0.6733,0.215,0.1117
7137487,0.737,0.216,0.047
7103144,0.631,0.282,0.087
7227172,0.534,0.329,0.137
7211829,0.114,0.126,0.76
7208277,0.591,0.337,0.072
7094814,0.8,0.175,0.025
7204539,0.718,0.232,0.05
7195524,0.616,0.35,0.034
7194184,0.205,0.408,0.387
7226260,0.803,0.19,0.007
7154608,0.642,0.279,0.079
7132744,0.739,0.226,0.035
7125703,0.384,0.553,0.063
7157210,0.807,0.149833,0.043167
7210643,0.879,0.114,0.007
7100572,0.901,0.085,0.014
7133248,0.60565,0.34135,0.053
7176743,0.26,0.430583,0.309417
7111925,0.997,0.003,0.0
7142429,0.917,0.061,0.022
7232262,0.562,0.297,0.141
7088189,0.97,0.029,0.001
7162962,0.763,0.213,0.024
7102832,0.309,0.53,0.161
7096304,0.622,0.303,0.075
7155784,0.351,0.432,0.217
7213429,0.578333,0.356667,0.065
7142137,0.87,0.105,0.025
7121809,0.508,0.349,0.143
7169753,0.93,0.054,0.016
7154867,0.713,0.27,0.017
7218750,0.965,0.029,0.006
7173121,0.703,0.241,0.056
7175364,0.901,0.069,0.03
7154872,0.649,0.306,0.045
7153407,0.264,0.379,0.357
7141867,0.666,0.238,0.096
7200542,0.404,0.333,0.263
7144672,0.761,0.224,0.015
7227398,0.397,0.526,0.077
7141278,0.583,0.369,0.048
7098903,0.148,0.262,0.59
7173587,0.6305,0.264,0.1055
7161406,0.852,0.141,0.007
7174405,0.955,0.045,0.0
7201527,0.54,0.379,0.081
7094823,0.988,0.009,0.003
7174520,0.972,0.02,0.008
7199589,0.4605,0.4015,0.138
7210868,0.537,0.371,0.092
7226748,0.57,0.348,0.082
7141783,0.922,0.067,0.011
7159769,0.448,0.452,0.1
7202658,0.900333,0.087667,0.012
7216840,0.398,0.336,0.266
7149031,0.432,0.457333,0.110667
7123907,0.48,0.413,0.107
7220593,0.7105,0.2155,0.074
7099259,0.544,0.371,0.085
7153194,0.628667,0.327333,0.044
7120225,0.7285,0.2205,0.051
7137610,0.926,0.049,0.025
7132989,0.363,0.443,0.194
7167935,0.5335,0.4265,0.04
7131576,0.119,0.217,0.664
7200937,0.382,0.475,0.143
7094855,0.98,0.019,0.001
7164257,0.544,0.402,0.054
7154525,0.546,0.329,0.125
7108869,0.726,0.235,0.039
7147788,0.71,0.225,0.065
7195027,0.879,0.113,0.008
7107583,0.359,0.52,0.121
7134943,0.395667,0.467333,0.137
7148604,0.675,0.27,0.055
7180280,0.739,0.237,0.024
7212518,0.230667,0.547667,0.221667
7190771,0.781,0.164,0.055
7149276,0.755,0.212,0.033
7093780,0.566,0.2825,0.1515
7104686,0.821,0.155,0.024
7127458,0.63,0.284,0.086
7130192,0.715,0.256,0.029
7199121,0.574,0.357,0.069
7135771,0.8185,0.1605,0.021
7174383,0.954,0.019,0.027
7161710,0.864,0.106,0.03
7229208,0.753,0.214,0.033
7148272,0.8105,0.139,0.0505
7201508,0.495,0.394833,0.110167
7133979,0.5505,0.3595,0.09
7131318,0.505,0.403,0.092
7191623,0.889,0.102,0.009
7103273,0.862,0.126,0.012
7106580,0.689,0.288,0.023
7180828,0.423,0.462,0.115
7217490,0.759,0.213,0.028
7125674,0.715,0.275,0.01
7207779,0.908,0.063,0.029
7199270,0.5975,0.3605,0.042
7200520,0.660167,0.297833,0.042
7197105,0.7035,0.2755,0.021
7175551,0.847667,0.138333,0.014
7225923,0.779,0.209,0.012
7105575,0.174,0.68,0.146
7119640,0.319,0.495,0.186
7189461,0.78,0.189,0.031
7125704,0.673,0.306,0.021
7144313,0.7424,0.2176,0.04
7124234,0.709,0.238,0.053
7093548,0.42,0.486,0.094
7194217,0.655,0.294,0.051
7143445,0.676833,0.281167,0.042
7220110,0.93,0.058,0.012
7196196,0.771,0.189,0.04
7165624,0.6544,0.2586,0.087
7133329,0.682,0.222,0.096
7112388,0.439,0.333,0.228
7151531,0.828,0.158,0.014
7205943,0.554833,0.337167,0.108
7192503,0.812,0.168,0.02
7229082,0.808,0.156,0.036
7099838,0.936,0.061,0.003
7143552,0.527,0.392,0.081
7173401,0.768,0.187,0.045
7091247,0.923,0.073,0.004
7205001,0.6871,0.1979,0.115
7097891,0.61,0.3,0.09
7154753,0.935,0.054,0.011
7157789,0.777,0.204,0.019
7100681,0.725,0.198,0.077
7211824,0.774,0.222,0.004
7195918,0.464,0.443,0.093
7185043,0.544,0.352,0.104
7132686,0.565,0.363,0.072
7126743,0.556,0.339,0.105
7118952,0.254,0.418,0.328
7214225,0.865,0.1045,0.0305
7090170,0.44,0.302,0.258
7204314,0.974,0.023,0.003
7102599,0.698,0.226,0.076
7123207,0.792667,0.159333,0.048
7220341,0.664,0.301,0.035
7214447,0.901,0.089,0.01
7091971,0.393,0.468,0.139
7119552,0.825,0.123,0.052
7232143,0.664,0.291,0.045
7215729,0.61,0.264,0.126
7156508,0.873,0.116,0.011
7197284,0.829,0.125,0.046
7159298,0.618,0.309,0.073
7162036,0.246,0.428,0.326
7230422,0.709,0.257,0.034
7186030,0.989,0.009,0.002
7155353,0.817,0.176,0.007
7149883,0.116,0.408,0.476
7131442,0.909,0.056,0.035
7191429,0.724,0.243,0.033
7089681,0.856,0.111,0.033
7158419,0.937,0.062,0.001
7101761,0.783667,0.190333,0.026
7140646,0.714,0.237,0.049
7145931,0.794,0.192,0.014
7197490,0.8085,0.1635,0.028
7113257,0.255,0.653,0.092
7112329,0.917,0.077,0.006
7111683,0.985,0.009,0.006
7128871,0.842,0.138,0.02
7129683,0.888,0.108,0.004
7130322,0.664,0.216,0.12
7213457,0.754667,0.222,0.023333
7137217,0.761,0.192,0.047
7160325,0.467667,0.435333,0.097
7102830,0.50825,0.31975,0.172
7151006,0.811,0.151,0.038
7119509,0.367,0.504,0.129
7233927,0.439,0.391,0.17
7210463,0.745,0.215,0.04
7088757,0.496,0.397,0.107
7120103,0.787,0.173,0.04
